"","A","C","G","T"
"0",1,0,0,0
"1",1,0,0,0
"2",0.0909090909090909,0,0.818181818181818,0.0909090909090909
"3",0.176470588235294,0.764705882352941,0,0.0588235294117647
"4",1,0,0,0
"5",1,0,0,0
"6",0.176470588235294,0.764705882352941,0,0.0588235294117647
"7",0.176470588235294,0.764705882352941,0,0.0588235294117647
"8",0.176470588235294,0.764705882352941,0,0.0588235294117647
"9",1,0,0,0
"10",0.176470588235294,0.764705882352941,0,0.0588235294117647
"11",0.176470588235294,0.764705882352941,0,0.0588235294117647
"12",1,0,0,0
"13",0.0909090909090909,0,0.818181818181818,0.0909090909090909
"14",0.176470588235294,0.764705882352941,0,0.0588235294117647
"15",1,0,0,0
"16",0.625,0,0.375,0
"17",1,0,0,0
"18",1,0,0,0
"19",1,0,0,0
"20",1,0,0,0
"21",1,0,0,0
"22",1,0,0,0
"23",1,0,0,0
"24",1,0,0,0
"25",1,0,0,0
"26",1,0,0,0
"27",0.176470588235294,0.764705882352941,0,0.0588235294117647
"28",0.176470588235294,0.764705882352941,0,0.0588235294117647
"29",0.176470588235294,0.764705882352941,0,0.0588235294117647
"30",0.176470588235294,0.764705882352941,0,0.0588235294117647
"31",1,0,0,0
"32",0.0909090909090909,0,0.818181818181818,0.0909090909090909
"33",0.176470588235294,0.764705882352941,0,0.0588235294117647
"34",0.176470588235294,0.764705882352941,0,0.0588235294117647
"35",0.176470588235294,0.764705882352941,0,0.0588235294117647
"36",0.0909090909090909,0,0.818181818181818,0.0909090909090909
"37",0.0909090909090909,0,0.818181818181818,0.0909090909090909
"38",0.176470588235294,0.764705882352941,0,0.0588235294117647
"39",0.176470588235294,0.764705882352941,0,0.0588235294117647
"40",0.176470588235294,0.764705882352941,0,0.0588235294117647
"41",0.176470588235294,0.764705882352941,0,0.0588235294117647
"42",0.176470588235294,0.764705882352941,0,0.0588235294117647
"43",0.0909090909090909,0,0.818181818181818,0.0909090909090909
"44",0.0909090909090909,0,0.818181818181818,0.0909090909090909
"45",1,0,0,0
"46",0.625,0,0.375,0
"47",0.625,0,0.375,0
"48",0.625,0,0.375,0
"49",0.625,0,0.375,0
"50",0.176470588235294,0.764705882352941,0,0.0588235294117647
"51",0.625,0,0.375,0
"52",1,0,0,0
"53",0.625,0,0.375,0
"54",0.176470588235294,0.764705882352941,0,0.0588235294117647
"55",0.0909090909090909,0,0.818181818181818,0.0909090909090909
"56",0.625,0,0.375,0
"57",0.0909090909090909,0,0.818181818181818,0.0909090909090909
"58",1,0,0,0
"59",0.0909090909090909,0,0.818181818181818,0.0909090909090909
"60",0.0909090909090909,0,0.818181818181818,0.0909090909090909
"61",0.0909090909090909,0,0.818181818181818,0.0909090909090909
"62",0.0909090909090909,0,0.818181818181818,0.0909090909090909
"63",1,0,0,0
"64",0.176470588235294,0.764705882352941,0,0.0588235294117647
"65",1,0,0,0
"66",0.176470588235294,0.764705882352941,0,0.0588235294117647
"67",0.176470588235294,0.764705882352941,0,0.0588235294117647
"68",0.0909090909090909,0,0.818181818181818,0.0909090909090909
"69",0.0909090909090909,0,0.818181818181818,0.0909090909090909
"70",0.0909090909090909,0,0.818181818181818,0.0909090909090909
"71",0.0909090909090909,0,0.818181818181818,0.0909090909090909
